<CIPN>
  <Header>
    <DocCLass>IPDClaim</DocCLass>
    <DocSysID version="1.0">CIPN</DocSysID>
    <serviceEvent>ADT</serviceEvent>
    <authorID>11720</authorID>
    <authorName>รพ.เทพธารินทร์</authorName>
    <DocumentRef>5800010</DocumentRef>
    <effectiveTime>20150517093204</effectiveTime>
  </Header>
  <ClaimAuth>
    <AuthCode>PMEGFCL00</AuthCode>
    <AuthDT>20150517:144000</AuthDT>
  </ClaimAuth>
  <IPADT>5800010|58-00010|0|1172000000009|นาง|ทดสอบ 9 เทพธารินทร์|19641215|2|2|10|01|99|20150512|103500|20150516|115400|0|N|1|1||IPD|02|IP||||||
</IPADT>
  <IPDxOp Reccount="2">5800010|P|1|5124|14789|20150512:120000|20150512:140000
5800010|D|1|K802|14789||
</IPDxOp>
  <Invoices>
    <Invoice>
      <InvNumber>58-0008</InvNumber>
      <InvDT>20150516</InvDT>
      <InvItems Reccount="68">5800010|20150513|17|21551|1011|ต่อครั้ง|1|500.00|001|500.00|500.00||
5800010|20150516|17|21551|1011|ต่อครั้ง|1|500.00|001|500.00|500.00||
5800010|20150515|17|21551|1011|ต่อครั้ง|1|500.00|001|500.00|500.00||
5800010|20150514|17|21551|1011|ต่อครั้ง|1|200.00|001|200.00|200.00||
5800010|20150513|17|21551|1011|ต่อครั้ง|1|500.00|001|500.00|500.00||
5800010|20150513|17|21552|1012|ต่อครั้ง|1|500.00|001|500.00|500.00||
5800010|20150513|17|21550|21550|ต่อครั้ง|1|300.00|001|300.00|300.00||
5800010|20150513|16||203|ชม.แรก|1|2500.00|001|2500.00|||
5800010|20150516|01|21201|PS|ต่อวัน|1|3800.00|001|3800.00|2800.00||
5800010|20150513|01|21201|PS|ต่อวัน|1|3800.00|001|3800.00|2800.00||
5800010|20150515|01|21201|PS|ต่อวัน|1|3800.00|001|3800.00|2800.00||
5800010|20150514|01|21201|PS|ต่อวัน|1|3800.00|001|3800.00|2800.00||
5800010|20150513|05||500310|ชิ้น|1|200.00|001|200.00|||
5800010|20150513|05||500600|ชิ้น|1|100.00|001|100.00|||
5800010|20150513|05||503400|ชิ้น|1|600.00|001|600.00|||
5800010|20150513|05||503800|ชิ้น|1|80.00|001|80.00|||
5800010|20150513|05||506791|ใบ|1|250.00|001|250.00|||
5800010|20150513|05||509500|ชิ้น|1|90.00|001|90.00|||
5800010|20150513|05||660700|ชิ้น|1|380.00|001|380.00|||
5800010|20150513|05||661400|ชิ้น|1|380.00|001|380.00|||
5800010|20150513|05||683000|ชิ้น|1|400.00|001|400.00|||
5800010|20150513|05||832100A|ชิ้น|2|15.00|001|30.00|||
5800010|20150513|05||832100A|ชิ้น|1|10.00|001|10.00|||
5800010|20150513|05||832100A|ชิ้น|3|10.00|001|30.00|||
5800010|20150513|05||832100A|ชิ้น|1|10.00|001|10.00|||
5800010|20150513|05||832100A|ชิ้น|6|10.00|001|60.00|||
5800010|20150513|05||840100A|ชิ้น|1|30.00|001|30.00|||
5800010|20150513|05||840200A|ชิ้น|1|35.00|001|35.00|||
5800010|20150513|05||840200A|ชิ้น|2|35.00|001|70.00|||
5800010|20150513|05||840200A|ชิ้น|3|35.00|001|105.00|||
5800010|20150513|05||840300A|ชิ้น|1|50.00|001|50.00|||
5800010|20150513|05||840300A|ชิ้น|1|60.00|001|60.00|||
5800010|20150513|05||840300A|ชิ้น|1|50.00|001|50.00|||
5800010|20150513|05||840300A|ชิ้น|1|50.00|001|50.00|||
5800010|20150513|10||8590|ต่อครั้ง|1|200.00|001|200.00|||
5800010|20150513|10||8591|ต่อครั้ง|1|500.00|001|500.00|||
5800010|20150513|10||8592|ต่อครั้ง|1|600.00|001|600.00|||
5800010|20150513|10||8596|ต่อครั้ง|1|500.00|001|500.00|||
5800010|20150513|10||8619|ต่อครั้ง|1|3000.00|001|300.00|||
5800010|20150513|05||881100A|อัน|3|35.00|001|105.00|||
5800010|20150513|05||882050|ห่อ,ซอง|1|700.00|001|700.00|||
5800010|20150513|05||882620A|เซ็นติเมตร|18|5.00|001|90.00|||
5800010|20150516|91|A012|A012|ต่อครั้ง|1|50.00|001|50.00|50.00||
5800010|20150516|17|A012A|A012A|ต่อครั้ง|1|5000.00|001|5000.00|5000.00||
5800010|20150516|17|A012B|A012B|ต่อครั้ง|1|1000.00|001|1000.00|1000.00||
5800010|20150513|07||C002|ครั้ง|1|150.00|001|150.00|||
5800010|20150513|07||C003|ครั้ง|1|200.00|001|200.00|||
5800010|20150513|07||C054|ครั้ง|1|500.00|001|500.00|||
5800010|20150513|07||C090|ครั้ง|1|700.00|001|700.00|||
5800010|20150513|07||H002|ครั้ง|1|200.00|001|200.00|||
5800010|20150513|07||P516|ครั้ง|1|1000.00|001|1000.00|||
5800010|20150513|08||XC01|ครั้ง|1|400.00|001|400.00|||
5800010|20150513|08||XP03|ครั้ง|1|400.00|001|400.00|||
5800010|20150513|08||XUS02|ครั้ง|1|1200.00|001|1200.00|||
5800010|20150513|03||DIMOR00|1ML|10|200.00|001|2000.00|0.00|PH1|535924
5800010|20150513|03||DIMET04|2ML|10|110.00|001|1100.00|0.00|PH1|569664
5800010|20150513|03||DINIM02|5ML|3|370.00|001|1110.00|0.00|PH1|764406
5800010|20150513|03||DTTYL00|1TAB|2|3.00|001|6.00|0.00|PH1|466030
5800010|20150513|03||DTTYL00|1TAB|2|3.00|001|6.00|0.00|PH1|466030
5800010|20150513|03||DTTYL00|1TAB|2|3.00|001|6.00|0.00|PH1|466030
5800010|20150513|03||DTTYL00|1TAB|2|3.00|001|6.00|0.00|PH1|466030
5800010|20150513|03||DISTR07|100ML|1|32.00|001|32.00|0.00|PH1|779284
5800010|20150513|03||DNNSS01|100ML|1|450.00|001|450.00|0.00|PH1|800237
5800010|20150513|03||DISTR08|500ML|1|100.00|001|100.00|0.00|PH1|810003
5800010|20150513|03||DIOXY01|1ML|1|140.00|001|140.00|0.00|PH1|520908
5800010|20150513|03||DIOND00|2ML|1|200.00|001|200.00|0.00|PH1|573172
5800010|20150513|03||DNNSS16|100ML|1|100.00|001|100.00|0.00|PH1|808538
5800010|20150516|04||DTTYL00|1TAB|20|3.00|001|60.00|0.00|PH1|466030
</InvItems>
      <InvTotal>22631.00</InvTotal>
      <InvAddDiscount>20250.00</InvAddDiscount>
    </Invoice>
  </Invoices>
  <CIPNClaim>
    <FeeScheduleItems>5800010|01|21201|4.00|1000.00|001|4000.00|15200.00|11200.00|0||
</FeeScheduleItems>
    <DeductRoomBoard>4000.00</DeductRoomBoard>
    <nonDeductRoomBoard>
    </nonDeductRoomBoard>
    <DeductMedDev />
    <nonDeductMedDev />
  </CIPNClaim>
  <CoInsurance>
    <Insurance>
      <InsuranceClass>
      </InsuranceClass>
      <InsTotal>
      </InsTotal>
      <InsRoomBoard>
      </InsRoomBoard>
      <InsProfFee>
      </InsProfFee>
      <InsOther>
      </InsOther>
    </Insurance>
  </CoInsurance>
  <PatCopay>
    <nonDeductRoomBoard>0.00</nonDeductRoomBoard>
    <nonDeductMedDev>0.00</nonDeductMedDev>
    <ProfFee>0.00</ProfFee>
    <Surcharge>0.00</Surcharge>
    <nonMedCare>0.00</nonMedCare>
  </PatCopay>
  <Referral />
</CIPN>
